% This apparently creates a 4 by 4 matrix

A=[1 1 1 0 0;1 1 1 0 0;1 1 1 0 0;0 0 0 4 0;0 0 0 0 4]
